111111111111111111111111111111111111111111111
110000000000000000000000000000000000001000001
100003000000000000000000000000002000001000001
100000000000000000003000000000000000001000001
100000000000000000000000000000000000001000001
10000000000000000000000300000000W000009000001
100000000000002000000000000000000000001000001
100000000000000000000000000000000000001000001
100000001000000000000000000000000000001000001
100000000000000000000000000000000000000000001
100000000000000000000000000000000000000000001
100000000000000000000000000200000000000000001
100000000000000000000000000000000000000000001
100000000000000000000000000000000000000000001
111111111111111111111111111111111111111111111
